92500000
93000000
93100000
93200000
93300000
93400000
93500000
93600000
93700000
93800000
93900000
94000000
94100000
94200000
94300000
94400000
94500000
94600000
94700000
94800000
94900000
95000000
95100000
95200000
95300000
95400000
95500000
95600000
95700000
95800000
95900000
100000000
100100000
100200000
100300000
100400000
100500000
100600000
100700000
100800000
100900000
101000000
101100000
101200000
101300000
101400000
101500000
101600000
101700000
101800000
101900000
102000000
102100000
102200000
102300000
102400000
102500000
102600000
102700000
102800000
102900000
103000000
103100000
103200000
103300000
103400000
103500000
103600000
103700000
103800000
103900000
104000000
104100000
104200000
104300000
104400000
104500000
104600000
104700000
104800000
104900000
105000000
105100000
105200000
105300000
105400000
105500000
105600000
105700000
105800000
105900000
110000000
110100000
110200000
110300000
110400000
110500000
110600000
110700000
110800000
110900000
111000000
111100000
111200000
111300000
111400000
111500000
111600000
111700000
111800000
111900000
112000000
112100000
112200000
112300000
112400000
112500000
112600000
112700000
112800000
112900000
113000000
130000000
130100000
130200000
130300000
130400000
130500000
130600000
130700000
130800000
130900000
131000000
131100000
131200000
131300000
131400000
131500000
131600000
131700000
131800000
131900000
132000000
132100000
132200000
132300000
132400000
132500000
132600000
132700000
132800000
132900000
133000000
133100000
133200000
133300000
133400000
133500000
133600000
133700000
133800000
133900000
134000000
134100000
134200000
134300000
134400000
134500000
134600000
134700000
134800000
134900000
135000000
135100000
135200000
135300000
135400000
135500000
135600000
135700000
135800000
135900000
140000000
140100000
140200000
140300000
140400000
140500000
140600000
140700000
140800000
140900000
141000000
141100000
141200000
141300000
141400000
141500000
141600000
141700000
141800000
141900000
142000000
142100000
142200000
142300000
142400000
142500000
142600000
142700000
142800000
142900000
143000000
143100000
143200000
143300000
143400000
143500000
143600000
143700000
143800000
143900000
144000000
144100000
144200000
144300000
144400000
144500000
144600000
144700000
144800000
144900000
145000000
145100000
145200000
145300000
145400000
145500000
145600000
145700000
150000000
